[gd_scene format=3 uid="uid://dtlxvhf83bilo"]

[ext_resource type="PackedScene" uid="uid://bfkv8ma724f3q" path="res://scenes/flag.tscn" id="1_5dm5d"]
[ext_resource type="Script" uid="uid://cvdi01uqrr48" path="res://scripts/level_boxes.gd" id="1_ap2up"]
[ext_resource type="Material" uid="uid://wpe28xirfgjh" path="res://shaders/cubes.tres" id="2_tjw05"]
[ext_resource type="Script" uid="uid://da4ug1lqm8c06" path="res://scripts/donut_spin.gd" id="4_pfbci"]

[node name="level boxes" type="CSGCombiner3D" unique_id=129813943]
operation = 1
use_collision = true
script = ExtResource("1_ap2up")

[node name="Level 1" type="CSGCombiner3D" parent="." unique_id=1030974580]

[node name="CSGBox3D1" type="CSGBox3D" parent="Level 1" unique_id=2092935255]
transform = Transform3D(1, 0, 0, 0, 1, 0, 0, 0, 1, 0.5, 0.25, 0.5)
size = Vector3(1, 0.5, 1)

[node name="CSGBox3D2" type="CSGBox3D" parent="Level 1" unique_id=1305882002]
transform = Transform3D(0.95293385, -0.20610878, 0.22234249, 0.25538927, 0.9409251, -0.22234254, -0.1633809, 0.2686616, 0.9492774, 1.9113116, 0.8890809, 0.84938645)
size = Vector3(1, 0.5, 1)
material = ExtResource("2_tjw05")

[node name="CSGBox3D3" type="CSGBox3D" parent="Level 1" unique_id=1100766349]
transform = Transform3D(0.9444395, 0.32868534, 0, -0.32708344, 0.9398366, -0.098607674, -0.032410897, 0.09312898, 0.99512637, 0.5107136, 1.6778224, 1.7226161)
size = Vector3(1, 0.5, 1)
material = ExtResource("2_tjw05")

[node name="flag" parent="Level 1" unique_id=308951981 instance=ExtResource("1_5dm5d")]
transform = Transform3D(1, 0, 0, 0, 1, 0, 0, 0, 1, 0.425519, 2.036475, 1.6869688)

[node name="Level 2" type="CSGCombiner3D" parent="." unique_id=104251385]
visible = false

[node name="CSGBox3D1" type="CSGBox3D" parent="Level 2" unique_id=753477657]
transform = Transform3D(1, 0, 0, 0, 1, 0, 0, 0, 1, 0.5, 0.25, 0.5)
size = Vector3(1, 0.5, 1)

[node name="CSGBox3D2" type="CSGBox3D" parent="Level 2" unique_id=194260574]
transform = Transform3D(0.9374341, 0, 0.34816313, 0, 1, 0, -0.34816313, 0, 0.9374341, 2.2896135, 0.5, 0.57762957)
size = Vector3(0.5, 1, 1.499939)

[node name="CSGBox3D3" type="CSGBox3D" parent="Level 2" unique_id=1221312462]
transform = Transform3D(0.9958749, -0.090736866, 0, 0.090736866, 0.9958749, 0, 0, 0, 1, 3.864151, 1.5979573, 0.5369506)
size = Vector3(1, 0.5, 1)

[node name="flag" parent="Level 2" unique_id=169231184 instance=ExtResource("1_5dm5d")]
transform = Transform3D(1, 0, 0, 0, 1, 0, 0, 0, 1, 3.7767978, 1.8353982, 0.5408311)

[node name="Level 3" type="CSGCombiner3D" parent="." unique_id=1263647189]
visible = false

[node name="CSGBox3D1" type="CSGBox3D" parent="Level 3" unique_id=604026971]
transform = Transform3D(1, 0, 0, 0, 1, 0, 0, 0, 1, 0.5, 0.25, 0.5)
size = Vector3(1, 0.5, 1)

[node name="CSGBox3D2" type="CSGBox3D" parent="Level 3" unique_id=1941360434]
transform = Transform3D(0.994856, -0.0995714, -0.018630685, 0.101299405, 0.9778856, 0.182971, 0, -0.18391706, 0.98294187, 2.409652, 0.6608613, 0.5375242)
size = Vector3(1, 0.5, 1)

[node name="CSGBox3D3" type="CSGBox3D" parent="Level 3" unique_id=797014372]
transform = Transform3D(1, 0, 0, 0, 0.9850823, 0.17208384, 0, -0.17208384, 0.9850823, 2.2506866, 1.1387482, 1.8284264)
size = Vector3(1, 0.5, 1)

[node name="flag" parent="Level 3" unique_id=1934674604 instance=ExtResource("1_5dm5d")]
transform = Transform3D(1, 0, 0, 0, 1, 0, 0, 0, 1, 2.2151022, 1.5872123, 2.1832142)

[node name="Level 4" type="CSGCombiner3D" parent="." unique_id=17986559]
visible = false

[node name="CSGBox3D1" type="CSGBox3D" parent="Level 4" unique_id=2136953993]
transform = Transform3D(1, 0, 0, 0, 1, 0, 0, 0, 1, 0.5, 0.25, 0.5)
size = Vector3(1, 0.5, 1)

[node name="CSGBox3D2" type="CSGCylinder3D" parent="Level 4" unique_id=768630041]
transform = Transform3D(0.51725703, 0.8044437, -0.29208797, -0.84112394, 0.5408424, 0, 0.15797356, 0.24568218, 0.95639145, 2.3028774, 0.7241484, 0.7734854)
sides = 16

[node name="CSGBox3D3" type="CSGBox3D" parent="Level 4" unique_id=1384820651]
transform = Transform3D(1, 0, 0, 0, 1, 0, 0, 0, 1, 3.9935484, 1.3866003, 1.1294733)
size = Vector3(1, 0.5, 1)

[node name="flag" parent="Level 4" unique_id=1643304608 instance=ExtResource("1_5dm5d")]
transform = Transform3D(1, 0, 0, 0, 1, 0, 0, 0, 1, 3.870998, 1.7310767, 1.2965353)

[node name="Level 5" type="CSGCombiner3D" parent="." unique_id=2071758082]
visible = false

[node name="CSGBox3D1" type="CSGBox3D" parent="Level 5" unique_id=511691453]
transform = Transform3D(1, 0, 0, 0, 1, 0, 0, 0, 1, 0.5, 0.25, 0.5)
size = Vector3(1, 0.5, 1)

[node name="CSGBox3D2" type="CSGSphere3D" parent="Level 5" unique_id=1250802246]
transform = Transform3D(1, 0, 0, 0, 1, 0, 0, 0, 1, 2.1815417, 0.8654268, 0.5501598)

[node name="CSGBox3D3" type="CSGSphere3D" parent="Level 5" unique_id=48601195]
transform = Transform3D(1, 0, 0, 0, 1, 0, 0, 0, 1, 2.3354194, 1.0736996, 1.6543982)

[node name="CSGBox3D4" type="CSGBox3D" parent="Level 5" unique_id=98086461]
transform = Transform3D(1, 0, 0, 0, 1, 0, 0, 0, 1, 3.7998104, 1.4561771, 2.0105276)
size = Vector3(1, 0.5, 1)

[node name="flag" parent="Level 5" unique_id=1123894061 instance=ExtResource("1_5dm5d")]
transform = Transform3D(1, 0, 0, 0, 1, 0, 0, 0, 1, 3.731935, 1.8551748, 1.9733106)

[node name="Level 6" type="CSGCombiner3D" parent="." unique_id=1490513122]
visible = false

[node name="Label3D" type="Label3D" parent="Level 6" unique_id=383951587]
transform = Transform3D(1, 0, 0, 0, 1, 0, 0, 0, 1, 2.5, 2.5, 0)
text = "Yay! you did it
hopefully you learned about how objects in higher dementions behave in lower ones :)
In the meantime, here is a spining donut"
autowrap_mode = 2
width = 1000.0

[node name="CSGBox3D1" type="CSGTorus3D" parent="Level 6" unique_id=1360241006]
transform = Transform3D(1, 0, 0, 0, 1, 0, 0, 0, 1, 3, 0.56219935, 1)
sides = 32
ring_sides = 24
script = ExtResource("4_pfbci")
